-0.999305041735772
-0.996340116771955
-0.991013371476744
-0.983336253884626
-0.973326827789911
-0.961008799652054
-0.946411374858403
-0.929569172131940
-0.910522137078503
-0.889315445995114
-0.865999398154093
-0.840629296252581
-0.813265315122798
-0.783972358943342
-0.752819907260532
-0.719881850171611
-0.685236313054233
-0.648965471254657
-0.611155355172393
-0.571895646202634
-0.531279464019895
-0.489403145707053
-0.446366017253464
-0.402270157963992
-0.357220158337668
-0.311322871990211
-0.264687162208768
-0.217423643740007
-0.169644420423993
-0.121462819296121
-0.0729931217877991
-0.0243502926634244
0.0243502926634248
0.0729931217877990
0.121462819296120
0.169644420423993
0.217423643740007
0.264687162208768
0.311322871990211
0.357220158337668
0.402270157963992
0.446366017253464
0.489403145707052
0.531279464019895
0.571895646202634
0.611155355172394
0.648965471254657
0.685236313054233
0.719881850171611
0.752819907260532
0.783972358943342
0.813265315122797
0.840629296252580
0.865999398154093
0.889315445995114
0.910522137078503
0.929569172131940
0.946411374858403
0.961008799652055
0.973326827789911
0.983336253884626
0.991013371476744
0.996340116771956
0.999305041735772
